# Benchmark Compactions (n = 4,194,304, m = 8)
# Speedup compared to a sequential implementation.
# NCPU	Outer parallelism	Inner parallelism	OpenMP	Work assisting (our)
1	1.0029088	1.002012	0.8124932	0.97025716
2	1.8161265	1.0454354	1.3606339	1.7740046
3	2.1798463	1.5067232	1.5597856	2.1509743
4	2.7746687	1.9279938	1.7288437	2.750491
6	2.7609954	2.564481	1.7670109	3.058687
8	3.50665	3.0445592	2.096249	3.5044565
10	3.5077477	3.116968	1.910734	3.3474236
12	3.1766124	3.1040165	1.9684672	3.2659574
14	3.1960924	3.0967252	1.9521776	3.1797674
16	3.232045	3.0317912	1.9139978	3.0988662
20	3.2423322	2.9730697	1.9023004	3.0166914
24	3.2222862	2.85636	2.0933123	2.9379916
