# Benchmark Compactions (n = 4,194,304, m = 16)
# Speedup compared to a sequential implementation.
# NCPU	Outer parallelism	Inner parallelism	OpenMP	Work assisting (our)
1	1.0077411	1.007333	0.8098597	0.98163086
2	1.8231486	1.049029	1.3603694	1.7890615
3	2.1491578	1.5206112	1.5174166	2.219128
4	2.7715063	1.9357655	1.6943625	2.7524278
6	3.1467922	2.5825837	1.8802536	3.1984859
8	3.488238	3.0580442	1.9590533	3.4583366
10	3.2307913	3.160785	1.9569131	3.354457
12	3.2145574	3.1616776	1.9394543	3.2886832
14	3.0867107	3.159447	1.9104949	3.2277641
16	3.0869236	3.0896924	1.9682665	3.1527739
20	3.0530407	3.027038	1.9483141	3.0666301
24	3.0393648	2.9481237	1.9461973	2.992249
