# Benchmark Compactions (n = 4,194,304, m = 2)
# Speedup compared to a sequential implementation.
# NCPU	Outer parallelism	Inner parallelism	OpenMP	Work assisting (our)
1	0.98425895	0.98986125	0.8260353	0.9698501
2	1.7538607	1.0269423	1.5081301	1.7527559
3	1.7706014	1.4769108	1.5130506	1.7588495
4	1.8216039	1.8896434	1.5130506	1.809756
6	1.7511014	2.5283961	1.5171756	2.4733334
8	1.7412391	2.9212599	1.5238225	2.840735
10	1.7336448	3.1228957	1.5012139	3.1176472
12	1.7478015	3.1193945	1.4683378	3.0951056
14	1.7309487	3.0951056	1.4851881	3.0933852
16	1.7128347	3.1002786	1.4883659	3.112416
20	1.711781	2.8804348	1.5060893	2.9444444
24	1.2870028	2.7894738	1.4939598	2.8523834
