# Benchmark Scans (n = 4,194,304, m = 8)
# Speedup compared to a sequential implementation.
# NCPU	Outer parallelism	Inner parallelism	OpenMP	Work assisting (our)
1	0.98521346	0.9804384	1.0198483	0.9772381
2	1.4888933	1.2308958	1.4782094	1.4793781
3	1.7395414	1.5254076	1.7248425	1.7710996
4	2.219652	1.8954922	2.2000785	2.211563
6	2.2402475	2.5498524	2.1947024	2.6012511
8	2.7326274	2.703347	2.766293	2.7213671
10	2.76153	2.5600274	2.4366794	2.5865684
12	2.6348276	2.5060267	2.4112973	2.5504317
14	2.6456933	2.4748154	2.5449393	2.5232048
16	2.6219056	2.5063064	2.4157073	2.5409076
20	2.6308143	2.468015	2.6762812	2.4926732
24	2.6535099	2.432983	2.7786164	2.4574807
