# Benchmark Scans (n = 4,194,304, m = 1)
# Speedup compared to a sequential implementation.
# NCPU	Outer parallelism	Inner parallelism	OpenMP	Work assisting (our)
1	0.95530105	0.9780635	1.0165094	0.927214
2	0.9556541	1.242075	1.447118	1.2072829
3	0.9369565	1.5347182	1.8445078	1.5475763
4	0.945521	1.7834482	2.1179361	1.7603812
6	0.92588615	2.3573382	2.6094854	2.3900185
8	0.9225829	2.5377822	2.9554286	2.617409
10	0.92094016	2.7078533	3.389253	2.6742504
12	0.91345817	2.6853583	3.3848166	2.628049
14	0.91539824	2.628049	3.362809	2.6387756
16	0.9076869	2.568024	3.380392	2.5654762
20	0.89979124	2.48415	3.281726	2.4770114
24	0.8129519	2.3900185	3.184729	2.4373233
