# Benchmark Scans (n = 4,194,304, m = 4)
# Speedup compared to a sequential implementation.
# NCPU	Outer parallelism	Inner parallelism	OpenMP	Work assisting (our)
1	0.98283	0.9766384	1.0143584	0.97433656
2	1.4894582	1.2347345	1.4990599	1.502288
3	1.5145183	1.5353508	1.5265317	1.7467918
4	2.1771016	1.884518	2.2793548	2.1822093
6	2.1929274	2.5259109	2.3229969	2.5982308
8	2.1881983	2.7020092	2.3225136	2.7724788
10	2.1877694	2.5437558	2.2719316	2.6128278
12	2.1661167	2.4461977	2.2186444	2.500448
14	1.9878895	2.399914	2.3052459	2.4580488
16	1.9641035	2.4328682	2.0758789	2.483756
20	1.9668722	2.395279	2.219968	2.4254673
24	1.9047781	2.336124	2.2882328	2.3759046
