# Benchmark Sum array (n = 33,555,666)
# Speedup compared to a sequential implementation.
# NCPU	Rayon	Static	Static (pinned)	Work stealing	OpenMP (static)	OpenMP (dynamic)	OpenMP (taskloop)	Work assisting (our)
1	0.9260735	0.8448665	0.87628394	0.8060639	1.4166054	1.4186928	1.4174992	1.0535407
2	1.697607	1.5876325	1.666337	1.4978331	2.6444967	2.2216911	2.2438822	1.7291853
3	2.1293838	2.2056947	2.321564	2.1150165	3.3281481	2.919428	2.909974	2.436551
4	2.6855948	2.6341608	2.7982147	2.5861473	3.435891	3.2557971	3.2077582	2.8813596
6	3.1663144	3.3513176	3.5092423	3.2565837	4.0092206	3.843456	3.7441666	3.498313
8	3.6908543	3.8934143	3.7081156	3.7122004	4.1270666	4.1473846	4.0416794	3.78411
10	3.6331537	2.3827116	2.7452137	3.7122004	3.4570403	3.9597533	3.8303494	3.7132232
12	3.5696504	1.8780828	2.6585798	3.6117363	3.1537201	3.8522434	3.8022566	3.6360939
14	3.587703	2.5427277	2.7849174	3.6253362	3.223099	3.855549	3.71527	3.6807756
16	3.5583422	3.441154	2.2154832	3.696928	3.4402757	3.8445523	3.7296624	3.6938887
20	3.4490788	3.6419888	2.4485013	3.6637673	3.6030474	3.8281739	3.6949012	3.673753
24	3.343006	3.6302183	3.596318	3.5934417	3.7441666	3.8108566	3.710157	3.549908
