# Benchmark Compactions (n = 4,194,304, m = 2)
# Speedup compared to a sequential implementation.
# NCPU	Outer parallelism	Inner parallelism	OpenMP	Work assisting (our)
1	0.5326364	0.52606976	1.1803826	0.49247414
2	1.0653282	0.68616414	1.7042769	1.0110574
3	1.0588297	0.7425857	1.460913	0.970987
4	1.0515454	0.87492526	1.4497452	0.9548718
6	1.0562087	1.3127804	1.4553076	1.375
8	1.0517613	1.7182885	1.4524181	1.7739477
10	1.0356998	2.016739	1.4638364	2.0972762
12	1.0461743	2.2123568	1.456964	2.2316408
14	0.671585	2.2090163	1.4686649	2.2157075
16	0.6481646	2.156454	1.4395558	2.1990552
20	0.6161853	2.1478608	1.4720426	2.210924
24	0.58180887	1.9213884	1.4544809	2.1339862
28	0.5468867	2.0726573	1.4530363	1.7119693
32	0.6517948	2.1119819	1.4472866	2.1591818
