# Benchmark Compactions (n = 4,194,304, m = 16)
# Speedup compared to a sequential implementation.
# NCPU	Outer parallelism	Inner parallelism	OpenMP	Work assisting (our)
1	1.0244796	1.0691835	1.1875125	0.99424106
2	1.9247295	0.9261611	1.5726157	1.8786433
3	2.0523665	1.2957491	1.3748982	2.1777005
4	2.4270244	1.6492691	1.7998128	2.506623
6	2.3303182	1.932872	1.6333077	2.5694754
8	2.535132	2.3481174	1.7118844	2.6633172
10	2.500635	2.44085	1.675195	2.6942074
12	2.5165393	2.498897	1.6563382	2.6661508
14	2.4277368	2.505408	1.6971985	2.648815
16	2.4072425	2.4815004	1.7674618	2.6558757
20	2.4061217	2.4796402	1.8925302	2.6150587
24	2.3771415	2.4617765	1.9104561	2.567561
28	2.4034643	2.4367504	1.7530367	2.5470002
32	2.352727	2.3028042	1.7635794	2.4345982
