# Benchmark Compactions (n = 4,194,304, m = 8)
# Speedup compared to a sequential implementation.
# NCPU	Outer parallelism	Inner parallelism	OpenMP	Work assisting (our)
1	0.9918379	1.0360677	1.1557816	0.9694193
2	1.3577911	0.89665276	1.6724778	1.826176
3	1.8521546	1.0508373	1.295796	2.0715466
4	1.8530961	1.2297902	1.6783577	2.080359
6	1.8487391	1.571048	1.6374439	2.3459108
8	2.4347906	1.9990529	1.689815	2.547551
10	2.4151409	2.2870424	1.806026	2.5236626
12	2.4222894	2.391805	1.8353701	2.5190654
14	2.4026961	2.3873906	1.8626504	2.4814975
16	1.9790258	2.35708	1.7276722	2.4953952
20	1.915775	2.3606875	1.8663781	2.4680576
24	1.9224795	2.3334885	1.898362	2.4196584
28	1.9043119	2.3249652	1.864209	2.3976681
32	1.7821875	2.2000878	1.8606626	2.3296926
