# Benchmark Compactions (n = 4,194,304, m = 32)
# Speedup compared to a sequential implementation.
# NCPU	Outer parallelism	Inner parallelism	OpenMP	Work assisting (our)
1	1.0303687	1.073659	1.1949902	0.99949604
2	1.9568665	0.9348642	1.374607	1.8951572
3	2.4581673	1.3115257	1.3297414	2.4511507
4	2.6953695	1.6711307	1.7121978	2.6745977
6	2.7546465	2.2609015	1.621519	2.765484
8	2.7862053	2.4907675	1.6988752	2.7934937
10	2.7519617	2.5572577	1.6878761	2.7594376
12	2.7385707	2.583071	1.6765292	2.7230823
14	2.698513	2.544874	1.6700417	2.7111611
16	2.6713383	2.5563552	1.6833735	2.7148283
20	2.6685996	2.547871	1.6714995	2.6675313
24	2.6323774	2.540295	1.65748	2.6482792
28	2.608471	2.533611	1.6793346	2.622969
32	2.290369	2.3861976	1.6942792	2.442024
