# Benchmark Scans (n = 4,194,304, m = 4)
# Speedup compared to a sequential implementation.
# NCPU	Outer parallelism	Inner parallelism	OpenMP	Work assisting (our)
1	1.1123158	1.1026722	1.1708809	0.9719954
2	1.5060016	1.1258034	1.522923	1.4722112
3	1.5286902	1.3366686	1.4932851	1.557802
4	1.6261494	1.4944869	1.4946072	1.6501378
6	1.637478	1.561076	1.4551368	1.6058981
8	1.6281456	1.5692555	1.734448	1.5884516
10	1.6107738	1.5629156	1.7388332	1.5771191
12	1.6049266	1.5302019	1.7336383	1.5417635
14	1.5943161	1.5178192	1.7396477	1.5312114
16	1.5760483	1.5295717	1.7336383	1.5463858
20	1.5254251	1.5225483	1.7385076	1.5393351
24	1.3803896	1.4955702	1.7336383	1.5154656
28	1.3584753	1.501496	1.7419325	1.513736
32	1.279033	1.3632627	1.7321829	1.3850228
