# Benchmark Scans (n = 4,194,304, m = 1)
# Speedup compared to a sequential implementation.
# NCPU	Outer parallelism	Inner parallelism	OpenMP	Work assisting (our)
1	1.0653473	1.290387	1.3183674	1.289743
2	1.0926005	1.2965379	1.4516854	1.3840386
3	1.087542	1.497971	1.3592846	1.57417
4	1.0926005	1.6622708	0.6501447	1.668173
6	1.0789144	1.6752026	0.8681337	1.6762893
8	1.0034951	1.6714101	0.8841745	1.6883371
10	1.0531893	1.6601349	1.3180311	1.6676347
12	1.0365022	1.6601349	1.8503401	1.6500639
14	1.0219498	1.6313131	1.4299945	1.6205707
16	1.0079969	1.6175274	1.4391534	1.6109725
20	1.0189275	1.5746496	1.2738477	1.58479
24	0.9974908	1.3385134	1.4162785	1.3926165
28	0.65039015	1.4533184	1.6079651	1.4816514
32	0.6572555	1.3847803	1.0974729	1.3748337
