# Benchmark Scans (n = 4,194,304, m = 32)
# Speedup compared to a sequential implementation.
# NCPU	Outer parallelism	Inner parallelism	OpenMP	Work assisting (our)
1	1.1974635	1.1917442	1.1923558	1.1984382
2	1.5876776	1.2917861	1.3853872	1.5927279
3	1.7240888	1.5206295	1.2138549	1.7268516
4	1.7016774	1.5859337	1.5419941	1.7145476
6	1.6576158	1.5960441	1.4805564	1.664499
8	1.6720598	1.6111568	1.5373871	1.6818932
10	1.6587992	1.5944868	1.5225756	1.664052
12	1.6518711	1.5676938	1.4755616	1.640609
14	1.6335984	1.5576446	1.4856592	1.6361326
16	1.6203556	1.5873387	1.502015	1.6332037
20	1.6217163	1.5777563	1.4956402	1.6136743
24	1.6033401	1.5728171	1.487606	1.5986347
28	1.5830636	1.5683882	1.4893491	1.5792811
32	1.3873388	1.4768658	1.5102826	1.4913206
