# Benchmark Scans (n = 4,194,304, m = 2)
# Speedup compared to a sequential implementation.
# NCPU	Outer parallelism	Inner parallelism	OpenMP	Work assisting (our)
1	1.0722055	1.0816177	1.2170743	1.0700992
2	1.6517714	1.2061532	1.689796	1.6199719
3	1.644946	1.4461366	1.66479	1.6340386
4	1.6410338	1.6525626	1.7067941	1.6174402
6	1.6366224	1.7147118	1.8308862	1.7433047
8	1.6199719	1.7172723	1.7677199	1.7374518
10	1.590106	1.6810135	1.7545347	1.7218432
12	1.585478	1.6653259	1.8321826	1.679377
14	1.3529412	1.636105	1.7489016	1.6496652
16	1.3236986	1.6480892	1.8161081	1.6594516
20	1.2953693	1.5758221	1.7962513	1.6420752
24	1.2120857	1.6214947	1.7447741	1.644162
28	1.115903	1.5987025	1.814198	1.5008701
32	1.0339661	1.3732255	1.8367347	1.596237
