# Benchmark Sum array (n = 67,110,098)
# Speedup compared to a sequential implementation.
# NCPU	Rayon	Static	Static (pinned)	Work stealing	OpenMP (static)	OpenMP (dynamic)	OpenMP (taskloop)	Work assisting (our)
1	0.66398287	0.9139654	0.9336431	0.78697115	1.569786	1.5664251	1.4264147	0.9896986
2	1.165319	1.0035169	1.6876035	1.1806033	2.1158237	1.8180312	1.889794	1.3700485
3	1.4808241	1.4845221	1.3213243	1.4379158	1.8316857	1.4500457	1.8051497	1.5289894
4	1.9899575	1.9093951	1.6166573	1.6656353	1.8334512	2.1360981	1.7709782	1.7024044
6	2.156928	2.2109096	1.8872942	2.0153975	1.8824383	2.2039082	2.1646185	1.9053152
8	2.1750133	2.1996608	1.8288682	2.108164	1.8190744	2.067831	2.156602	1.9494432
10	2.1332238	2.0158248	1.8562322	2.122118	1.7157116	2.1337023	2.1322672	1.9461192
12	2.1210139	2.1429965	1.9688126	2.0114198	1.7988905	1.9921805	2.0858188	1.9322815
14	2.0724869	2.1351392	2.0893314	2.051625	1.9562594	1.8362828	2.034945	1.9221287
16	2.0441291	2.1338618	1.8961989	2.0508876	1.9342462	2.075351	2.013691	1.9388462
20	1.975902	2.0199633	2.011845	2.0092952	2.0191057	2.0625994	1.9920413	1.9025203
24	1.8998601	1.9690843	1.920964	1.9887092	1.8904201	1.870101	1.9624485	1.8794625
28	1.7654994	1.9749446	1.8678974	1.9408244	1.8336868	1.6172986	1.9392415	1.8762493
32	1.5835507	1.982767	1.6594359	1.8032103	1.7722981	1.9490438	1.9194134	1.7508744
